0
0
0
0
0
0
0
0
0
0
0
0
0
0
0
0
0
0
0
0
0.199501
0.398007
0.595522
0.792053
0.987604
1.18218
1.37578
1.56842
1.7601
1.95082
2.14059
2.32942
2.5173
2.70425
2.89026
3.07535
3.25951
3.44275
3.62508
3.8065
3.98702
4.16663
4.34535
4.52318
4.70012
4.87618
5.05136
5.22567
5.39911
5.57168
5.74339
5.91425
6.08425
6.25341
6.42172
6.58919
6.75583
6.92163
7.08661
7.25077
7.41411
7.57663
7.73834
7.89925
8.05935
8.21866
8.37717
8.53489
8.69182
8.84797
9.00334
9.15794
9.31176
9.46482
9.61712
9.76865
9.91943
10.0695
10.2187
10.3673
10.5151
10.6621
10.8084
10.954
11.0989
11.2431
11.3865
11.5292
11.6712
11.8125
11.9531
12.0929
12.2321
12.3706
12.5084
12.6455
12.782
12.9177
13.0528
13.1872
13.3209
13.454
13.5864
13.7181
13.8492
13.9796
14.1094
14.2385
14.367
14.4949
14.6221
14.7487
14.8746
14.9999
15.1246
15.2487
15.3721
15.4949
15.6172
15.7388
15.8598
15.9802
16.1
16.2192
16.3378
16.4558
16.5732
16.6901
16.8063
16.922
17.0371
17.1516
17.2656
17.379
17.4918
17.6041
17.7158
17.8269
17.9375
18.0475
18.157
18.266
18.3744
18.4822
18.5895
18.6963
18.8026
18.9083
19.0135
19.1182
19.2223
19.3259
19.4291
19.5317
19.6337
19.7353
19.8364
19.937
0
0
0
0
0
0
0
0
0
0
0
0
0
0
0
0
0
0
0
0
0
0.199501
0.398007
0.595522
0.792053
0.987604
1.18218
1.37578
1.56842
1.7601
1.95082
2.14059
2.32942
2.5173
2.70425
2.89026
3.07535
3.25951
3.44275
3.62508
3.8065
3.98702
